Healthy,Dead
1,0
0.5,0.5
0.25,0.75
0.125,0.875
0.0625,0.9375
0.03125,0.96875
0.015625,0.984375
0.0078125,0.9921875
0.00390625,0.99609375
0.001953125,0.998046875
0.000976563,0.999023438
