Healthy,Dead,Cycles
1,0,0
0.5,0.5,1
0.25,0.75,2
0.125,0.875,3
0.0625,0.9375,4
0.03125,0.96875,5
0.015625,0.984375,6
0.0078125,0.9921875,7
0.00390625,0.99609375,8
0.001953125,0.998046875,9
0.000976563,0.999023438,10